4
0 -2 -7 0 9 2 -6 2
-4 1 -4  1 -1

8  0 -2
100
59 116 2 -47 26 108 44 -4 26 -90 -73 52 -86 16 -71 -9 -19 
 -125 17 -5 -24 -47 -111 22 127 -42 -79 -75 -118 101 88 86 
 -43 -62 81 -122 -120 -114 -113 126 17 29 -27 44 98 102 77 
 23 -51 58 -24 77 -107 -26 27 47 38 -107 -58 27 -126 114 83 
 38 -21 -9 -121 30 113 -64 120 113 94 -59 -46 68 23 -73 -102 
 -92 -84 -66 109 71 -41 -57 -10 -121 23 118 111 -45 126 -41 
 27 -20 -123 -97 20 -41 -120 94 25 42 32 56 88 66 114 115 
 -76 -113 78 11 -45 12 -25 31 32 77 15 -110 -30 -37 95 -46 
 100 -42 20 -70 72 107 78 -91 -43 4 -56 98 -75 107 -98 47 87 
 36 85 -102 96 63 -82 -106 7 -102 -91 101 -40 37 43 22 14 
 -108 -80 23 -115 49 -107 17 -30 -12 -115 -3 81 -68 99 -24 
 106 -63 -46 64 -109 -29 128 -113 -18 105 -22 73 -115 -71 22 
 116 -4 -102 -101 -45 67 73 27 -40 84 -35 -63 20 -37 98 38 
 117 89 10 -108 -8 -120 -96 -21 118 -86 -14 34 -110 -9 121 
 -1 -100 74 -41 -82 -11 72 -69 7 108 58 90 119 121 -118 71 
 74 -93 -56 48 49 -1 -50 2 -92 108 -120 17 -14 15 11 -6 -27 
 23 77 16 10 -11 117 99 97 -2 22 -92 -72 -95 82 -77 -69 -84 
 51 32 -121 -113 55 105 -77 -66 89 -125 -116 84 57 15 -117 
 47 54 -63 34 -119 106 101 -101 119 88 66 69 39 -47 -118 87 
 -21 37 -57 -104 108 61 33 85 -20 -2 -3 -8 -10 -74 -70 -20 
 120 20 -71 -9 -21 -93 -42 -106 -82 116 78 90 115 -115 -23 
 -53 73 100 -110 99 -71 90 -92 1 -54 -20 -54 124 -110 -59 -6 
 -81 32 62 66 100 89 53 83 -58 -74 -53 -47 -119 -71 40 -125 
 -37 -113 23 29 -96 -1 121 -115 -79 54 6 -88 24 117 118 -50 
 -4 -39 45 -63 13 -19 -56 -85 -24 65 -47 -75 121 23 28 58 
 116 -116 -117 -75 -114 -61 59 -96 -124 -14 -101 20 107 111 
 -120 99 61 -65 -96 64 -1 -49 -118 -118 31 -81 15 -26 -40 
 -93 -28 46 -83 -81 10 87 89 1 -33 -75 89 -15 -110 128 -95 
 -104 -79 -104 119 -92 -65 -21 -18 -36 36 6 -16 17 -51 -82 
 -6 -60 -55 113 44 79 118 -56 87 -17 107 75 -107 79 7 51 -91 
 27 115 -48 117 -59 119 17 58 106 -27 128 57 54 -52 -66 25 
 -87 -100 -125 -45 58 94 0 -28 -74 52 17 -56 -19 38 -85 110 
 84 29 -77 56 -96 -91 -51 -101 -44 123 122 -115 -118 57 -79 
 -12 17 -91 100 60 -45 47 61 18 9 -73 -56 -98 -22 -28 97 -14 
 -34 67 -115 -42 79 -27 34 -123 -30 -90 -11 -34 -119 90 113 
 -100 92 53 -107 105 52 -11 128 -19 -18 129 -59 -104 -28 -44 
 -44 -53 -29 108 -9 -37 -119 -28 -19 96 -8 -87 -34 -85 67 
 -119 -11 -105 91 -39 95 -98 -38 92 90 -120 -15 -100 33 -4 
 -75 5 62 37 -68 6 22 -5 50 -95 -92 -61 74 -21 -125 -42 -33 
 -95 -99 95 -34 -57 -42 -122 30 10 -122 -2 7 -59 123 38 -115 
 -82 -61 -117 -20 -18 65 10 109 -55 11 -58 -89 124 -91 -41 
 28 19 -24 -126 -121 75 -20 -5 -14 -3 36 -88 62 -85 8 -113 
 79 76 -80 61 -33 26 109 -79 -114 -33 -85 -115 -7 -111 -44 
 -63 124 122 92 57 37 -29 -3 -65 -30 66 50 -99 -65 -60 -114 
 -4 109 39 -7 -118 -108 45 -19 60 73 97 39 -20 43 41 -75 64 
 -81 -59 -82 -54 -114 -41 59 44 -44 25 -22 51 -102 -42 -89 
 36 62 53 -86 -35 -38 -104 108 21 -62 89 64 41 -88 -115 99 
 104 36 13 124 122 20 49 111 73 -8 -28 -12 50 -44 -10 49 -48 
 -112 -88 33 -102 22 -25 120 75 100 -41 28 -53 99 -63 -40 
 -18 24 -39 124 61 12 114 75 -3 66 107 -101 -48 -21 62 -35 
 -10 -113 125 -19 65 88 -82 -11 -60 -78 111 42 -37 43 127 
 -71 -111 18 -38 -88 -13 88 99 38 103 43 30 49 -69 6 41 -2 
 -110 -1 108 68 127 -57 -65 110 -60 -91 111 70 127 124 -50 
 -15 -96 34 36 -99 3 -106 73 -123 110 104 105 3 16 -114 72 
 -13 -110 -47 -53 79 119 20 10 -113 69 -79 -30 55 83 -41 6 
 127 -71 14 -62 81 -105 32 11 -23 -45 121 42 35 -106 -61 -74 
 -68 -59 10 -52 -49 21 14 73 6 18 -48 129 -108 -82 -101 14 
 85 13 66 96 -93 69 89 74 -93 85 82 -3 -49 14 -28 111 -37 86 
 4 -18 -7 -124 -7 -119 128 -123 68 115 82 -4 106 60 -106 
 -105 29 -78 15 -61 119 -9 -107 5 -119 124 5 98 -25 -97 -5 
 42 -2 -39 51 43 127 10 56 -60 -64 1 96 -59 34 111 -79 -68 
 67 -117 -61 -72 88 -77 -91 -124 -11 -85 80 -123 -12 -56 -38 
 119 -26 103 20 56 -25 -23 -32 -125 -40 74 113 99 -10 -119 
 -13 -35 17 5 10 -50 90 88 100 17 0 2 -62 100 48 -43 -53 
 -124 -3 114 103 21 99 45 65 -13 24 -94 -81 40 19 41 -51 33 
 105 -71 -25 -108 -21 86 115 97 -25 -77 -59 -85 128 118 29 
 -67 -84 41 70 90 -17 110 27 -108 70 -96 57 -39 -30 -61 50 
 -60 -89 -27 -114 -84 119 27 26 99 -108 -50 -63 18 -120 -59 
 -8 15 102 -110 110 10 -113 118 -53 -71 38 60 -111 105 71 
 -30 31 23 -35 -90 33 -96 104 59 58 -104 -30 -99 -13 42 -39 
 59 110 113 45 -84 50 95 4 56 6 3 -40 -69 113 -47 82 -20 54 
 13 -16 -59 84 91 -81 29 -71 -110 25 -23 63 -51 86 124 -18 
 -5 96 -116 75 -42 -117 74 113 97 -24 -23 -30 -76 -68 -108 
 -97 103 89 114 -104 -76 57 103 8 -92 -57 95 119 -56 -48 -18 
 -114 24 -65 117 -75 43 13 90 98 102 76 109 -45 -32 -48 24 
 11 6 98 -105 -78 83 7 36 23 -89 16 29 99 88 -9 79 67 -67 
 -15 -48 -9 -53 -96 117 -56 -90 -8 128 -23 103 -108 56 89 16 
 -107 -107 125 -10 41 61 8 67 98 -62 96 -80 -125 105 114 
 -113 -5 85 106 -17 -122 77 79 69 32 5 50 -40 37 -72 110 -2 
 -84 -32 84 70 -106 -79 69 -36 -89 -91 -115 -41 -11 126 -75 
 -88 97 -104 3 75 97 -90 53 3 -78 52 -98 -113 124 -40 -105 
 -3 109 80 114 1 110 -26 60 40 95 -1 -54 114 34 -48 -17 88 
 -44 51 108 -109 60 -4 -20 -76 -34 129 121 71 -105 63 42 37 
 39 7 -89 -69 92 -16 6 29 120 -104 103 -11 113 -96 86 -98 
 -102 -56 18 1 -116 77 -98 -67 6 -91 59 -12 52 -109 96 -18 
 -108 -73 -92 108 -12 -16 50 33 -10 0 -108 79 39 -54 -88 
 -100 -13 -80 55 126 -119 43 84 109 -114 -104 -19 -114 34 
 -10 -107 80 99 63 35 49 -45 -41 -82 -114 43 -73 -124 -26 
 -64 -97 -122 -12 -72 71 53 -9 -105 54 96 -17 -55 118 -76 
 -52 62 59 65 26 -2 94 4 11 62 -19 31 10 53 -33 -57 -13 -88 
 -9 28 19 54 84 -89 -45 57 68 117 -5 24 -73 -50 50 -34 52 
 -19 -81 87 -87 28 -35 -18 -113 -67 99 74 91 -12 -44 -111 72 
 86 81 45 -106 32 3 -108 -18 111 122 -26 -18 32 115 65 -120 
 104 85 53 89 -81 -121 -65 -81 -85 -55 -48 -17 42 18 -35 
 -102 -55 88 -107 -90 -112 122 -71 -119 66 106 86 39 -110 
 -11 1 -56 30 99 -75 61 26 -108 -100 -105 -108 -29 47 -18 
 -106 33 55 -102 -105 22 72 77 90 -52 46 21 -113 -71 -107 -2 
 8 60 53 -62 -79 -92 -3 -104 109 -107 -9 -109 -115 127 -91 
 -4 26 72 78 -56 37 -80 35 1 -50 82 12 -10 -73 -58 -82 5 69 
 29 37 1 20 21 -35 117 -13 55 -55 49 37 -52 -17 48 -28 -92 
 -110 60 21 74 49 -81 -30 71 -45 -14 37 10 -101 -25 25 51 87 
 -94 110 -35 19 -90 28 28 15 85 -10 90 -112 -6 -86 95 -4 58 
 -33 78 56 -27 -59 79 -86 27 -56 -32 108 99 -73 -73 10 -9 
 -105 -34 128 107 38 101 45 -67 111 -97 -125 -89 54 -62 60 
 -63 119 12 -70 -36 -115 -73 -54 -97 68 46 88 -27 -6 106 -23 
 53 51 -48 -43 37 -20 73 112 -10 -79 99 119 -4 -60 5 -119 63 
 -125 -115 -51 59 47 -115 74 -27 103 -92 -37 -26 -118 -26 13 
 18 94 -1 8 -9 -68 62 -91 -68 90 -76 95 -10 -94 -39 -65 -111 
 53 61 -108 119 33 -66 -50 124 78 -93 38 18 51 -12 -3 38 70 
 38 102 57 83 4 21 86 -81 83 -104 -56 -9 -7 63 -84 -69 81 
 -105 102 -95 -24 50 20 -5 49 100 -98 108 56 91 17 -117 -53 
 15 -107 32 -76 -16 -53 -43 -77 -85 -57 -117 -112 36 -64 30 
 32 122 37 90 -75 -73 125 -46 125 111 -76 -119 56 -60 75 74 
 -55 11 104 -92 58 -34 30 107 33 56 -114 -102 -41 -55 70 
 -122 -78 -27 -124 109 -116 -22 34 87 42 -87 -17 73 -2 -103 
 -13 -126 10 -94 88 -124 -78 -70 -94 114 21 41 -56 20 -15 31 
 -56 52 -110 9 -88 64 54 41 11 4 26 -72 -113 6 -23 96 46 67 
 -55 74 127 36 -76 126 -121 22 116 9 32 -60 -126 82 -121 -20 
 86 15 81 92 127 -93 10 -42 -64 78 -26 -45 -12 -28 62 25 
 -120 -119 52 -58 -44 69 -112 12 -63 -48 28 26 22 129 39 -45 
 -20 10 -70 110 6 51 22 11 101 76 -18 -89 -20 107 -83 -21 
 -103 125 56 3 -49 -74 117 -60 26 -60 85 121 104 -91 10 93 
 57 -60 4 39 -103 -59 -28 23 -86 -21 -46 84 87 -116 -107 83 
 -28 -5 -76 -79 65 2 58 -105 88 82 101 -11 -79 -104 -123 -45 
 -77 -75 108 110 3 -76 -39 -120 79 -118 119 68 72 -97 80 32 
 -79 -14 92 7 96 -74 -72 -51 -54 -111 -22 -105 -121 -18 74 
 70 112 75 89 -126 -51 31 -17 -58 -77 100 107 127 98 5 -37 
 -6 77 -107 -101 43 95 -89 53 -123 -41 76 -57 12 -3 -3 64 
 -68 95 -81 122 -6 40 -56 39 -7 -63 48 12 129 103 34 45 -115 
 -34 -102 -104 76 35 17 -38 -91 122 -124 -18 -114 -99 41 -88 
 -124 62 -62 35 76 -91 47 127 34 103 -18 -46 -57 -82 -5 -5 
 -66 45 -92 31 44 51 -75 -65 -1 -4 64 0 -109 93 -120 -9 32 
 -120 20 13 -60 26 -12 66 95 -111 23 -109 -116 84 17 -5 -78 
 -23 -112 52 -47 16 48 6 -66 -61 17 -80 -91 -35 -17 -28 120 
 6 28 87 -105 21 -6 -2 -8 19 -22 37 99 39 75 73 44 95 27 90 
 120 51 -4 -119 -76 96 35 -124 -98 -120 15 20 -56 -15 -116 
 76 -64 92 -48 77 -84 120 -52 -96 6 -57 -2 -24 -63 -68 -38 
 -122 32 -14 -46 19 89 -73 22 23 53 -111 37 54 91 91 56 91 
 -6 77 116 84 -60 58 -76 -17 -126 124 -88 -51 2 47 31 34 124 
 -104 129 -109 98 -85 -116 38 28 90 51 -101 61 -63 -58 111 
 -32 -47 117 -60 102 -9 -109 21 -108 47 -41 12 -108 78 32 
 -82 126 -123 21 17 -71 108 54 6 -45 -98 -68 21 75 -59 -4 
 -122 87 128 57 -121 -70 69 -98 -15 -3 42 -38 -92 25 -2 1 
 100 -21 -98 -96 103 -15 19 -46 -46 126 11 -4 -108 66 -72 1 
 48 -34 126 96 -119 -33 -55 -66 64 -107 -28 40 -32 110 -69 
 16 -69 17 -64 74 -13 -82 106 17 -102 -84 -104 101 85 25 
 -118 105 82 -49 118 -97 77 -114 -51 -10 56 87 -108 -98 -31 
 -80 63 -91 107 -126 41 9 116 -93 -116 -99 -60 -13 -86 -98 
 44 72 69 -45 -86 -57 33 75 37 63 98 -108 -88 -30 -32 -110 
 109 -33 -16 116 -73 -83 117 -17 -19 -75 -97 -73 -36 32 75 
 63 59 -60 -124 -68 -123 -107 55 61 95 71 68 94 -110 68 -80 
 119 -81 14 123 95 -55 58 6 -80 -53 -70 -68 -116 112 72 -74 
 -11 41 109 -70 87 -108 -103 80 87 2 21 -45 -16 15 71 7 74 
 93 112 86 38 -88 59 120 21 -2 99 31 -36 -15 -91 -99 125 
 -105 90 -3 56 44 -23 62 -23 -120 48 -73 19 -78 55 82 -55 18 
 -58 17 91 -70 116 110 112 -121 -100 60 -110 61 -86 11 11 
 125 -79 54 90 39 -90 -42 51 -95 -53 -32 29 123 40 -51 -87 
 28 1 -117 -108 58 -121 75 42 129 79 113 75 -31 99 -70 35 66 
 -110 -30 -61 -21 57 123 29 32 -81 127 114 80 78 107 23 -100 
 -110 -75 94 -117 -122 121 -29 -80 -117 -31 49 101 61 64 65 
 -102 84 72 45 -21 121 26 30 -124 27 -120 50 61 89 120 50 
 -88 -16 39 36 -67 81 -24 44 89 30 -111 -82 78 125 -41 -72 
 43 27 -56 94 -86 47 -26 58 -123 85 -109 -120 31 103 52 -106 
 65 -125 -79 24 50 -47 -75 -78 -76 -126 46 -60 -86 -61 116 
 -123 -27 -90 46 122 -45 123 28 55 106 -121 -38 74 -50 -1 18 
 94 -98 68 -37 37 -112 120 -49 -39 99 -120 101 86 9 52 -78 
 -102 -63 -126 59 80 111 -53 -81 21 -13 64 41 36 -3 -118 -21 
 79 58 115 97 -16 -90 23 119 121 -51 110 97 78 121 62 5 67 
 -115 110 -65 -67 -104 -97 10 -70 -107 -58 84 -114 34 125 
 -25 60 -113 -47 -105 -115 -37 12 118 -39 84 -11 52 71 -8 43 
 9 109 -67 -82 29 -55 -123 88 -2 91 -115 112 -32 -42 56 95 
 112 -9 -37 123 -45 52 -59 -8 70 -29 112 33 -42 -85 24 88 
 -92 23 52 111 -117 -19 84 -28 97 50 16 127 -13 -91 -64 -70 
 -17 -74 91 28 93 -34 -113 29 10 52 122 -70 49 -88 -60 57 
 -24 34 -83 110 -13 -106 94 -4 38 73 -41 67 23 -74 -23 -41 
 105 -5 7 -89 -122 -9 -20 -23 -73 -1 58 -2 83 126 122 2 -98 
 -7 -43 -37 -74 -123 16 -5 -10 83 -24 -115 -117 3 -95 -61 
 -73 67 -8 109 -99 5 10 38 -121 111 100 -126 65 -116 -59 29 
 -5 -114 -16 -64 30 121 98 -46 -13 105 -106 -6 78 -74 -26 
 112 -94 -114 89 -61 9 113 -72 -86 -79 6 116 -1 -47 129 26 
 29 -35 -104 119 -120 -120 -122 116 87 -11 60 -85 67 -104 29 
 14 -104 50 74 -92 106 -58 -17 -104 -21 17 -75 118 20 -32 
 -117 -99 63 -94 65 59 -21 53 -3 -45 1 -38 -48 59 30 3 46 33 
 -26 -21 -110 4 -30 -75 96 -97 -119 -33 123 -50 15 -75 117 
 120 81 -6 48 4 -103 -98 -36 -26 8 26 122 -26 -15 118 19 
 -109 -58 -64 -37 85 8 26 19 72 -85 52 -107 26 121 78 -10 40 
 80 80 117 54 -72 103 110 -74 9 -107 4 76 41 56 -69 -102 -40 
 -15 -45 31 41 5 -113 -95 -44 29 -83 115 16 99 124 103 -55 
 55 -115 108 73 -81 -66 -35 124 -39 -75 40 94 84 120 96 11 
 -107 103 73 31 -66 -44 -47 9 90 -40 -12 -21 11 -92 55 128 
 97 5 -1 -108 58 48 -87 102 46 -15 51 -26 -124 -99 -111 -55 
 -68 8 98 -116 58 18 58 105 98 65 -87 -8 -120 -98 0 87 -54 
 120 -14 93 24 28 -92 -115 60 -87 90 -38 -59 125 -48 112 90 
 45 -79 121 12 83 74 3 14 -120 52 41 -24 116 -122 23 -30 87 
 -6 34 47 -36 -93 -59 -90 33 50 59 42 -44 129 -90 -14 18 -2 
 99 95 124 47 -57 -16 -97 -122 -124 -9 -60 -10 -122 -14 -18 
 76 -118 -2 116 -96 120 -87 -105 -56 -38 48 71 -27 53 112 70 
 108 122 -1 34 -47 -16 23 29 -108 126 -114 122 -109 -87 -65 
 -73 98 -54 85 -93 34 -96 117 103 34 -59 -17 -66 3 124 -87 
 -12 -68 93 73 -11 -57 -17 -112 77 -9 37 -82 127 -28 84 47 
 -33 27 119 -4 -67 -49 -108 -73 40 -37 -45 48 -16 118 56 55 
 41 -65 98 -76 -99 127 129 -22 -102 63 129 42 22 15 92 82 
 123 -108 -84 112 37 -85 -103 80 129 -70 -53 112 94 68 77 10 
 -12 126 -122 -60 58 -83 -72 -103 113 70 -40 -83 -18 -69 72 
 -104 25 127 107 -87 -37 72 62 -102 -82 -7 -119 54 -102 28 
 -63 -47 -96 109 -99 -31 103 108 -24 119 -37 -69 44 -97 -48 
 60 128 -112 -63 68 81 -17 112 -35 -74 -37 -110 40 57 72 
 -116 -122 -5 36 17 -123 14 -12 -107 -40 -11 -81 -101 82 -34 
 -97 -61 29 90 5 20 99 67 -19 20 -24 46 82 114 -79 -112 -14 
 -17 -38 -98 -52 -77 16 -67 8 -23 18 -60 33 -15 -34 11 106 
 118 123 -105 -22 27 93 -113 -37 88 27 -84 44 26 72 99 90 
 -37 30 -75 99 47 -92 10 117 111 -9 -83 31 111 4 -118 122 
 -56 7 97 -105 -124 19 -12 -11 18 -108 89 -97 -106 -121 -69 
 20 46 -56 -3 34 -73 21 96 68 -116 24 119 37 -94 90 -41 -38 
 37 -26 116 -69 110 126 -59 2 8 54 96 -106 64 114 -2 -69 
 -110 112 -83 -94 5 92 -46 -3 -61 18 -52 -53 13 -15 106 64 
 -32 125 -76 -102 10 -84 -38 38 113 103 61 -18 27 -21 -55 95 
 -116 18 -57 -106 121 75 52 -126 72 35 13 -29 -8 4 59 -112 
 104 1 17 3 -47 93 33 10 84 26 51 28 100 -91 -109 -110 -23 
 -44 70 121 -39 -108 115 11 68 30 119 -65 -101 129 -7 -75 
 -99 -35 -68 -37 39 -9 -17 -6 19 -106 -105 -75 -35 -23 2 -97 
 96 39 -7 104 73 -80 -1 71 23 10 111 124 33 24 -68 29 114 46 
 125 -86 -102 18 -73 -40 -65 -117 -106 23 28 113 -97 40 57 
 46 30 94 -107 100 104 -6 -107 4 -54 -42 80 0 99 109 -103 
 -37 -124 114 57 122 -123 7 107 -114 -90 114 61 -59 10 -10 
 78 19 128 -113 -116 26 66 -113 120 68 8 -90 80 -5 -74 124 
 -19 -13 26 25 -72 -49 -104 115 -66 80 43 -102 -18 -41 72 3 
 9 0 -13 73 -10 -71 94 -52 -25 128 68 0 67 99 -67 107 112 67 
 -51 68 9 -4 -104 90 126 119 -101 -54 -90 -88 27 83 -8 -108 
 -71 -19 -111 125 20 -35 1 -9 -80 -6 -100 -85 63 -79 102 -54 
 42 -43 -83 -17 -54 -45 -93 112 -89 -14 -37 -21 -2 -15 -65 
 126 7 56 83 -23 62 101 104 25 119 -31 62 3 -92 103 85 -31 
 104 79 92 25 -82 -21 121 -35 -119 -48 63 -17 -78 24 78 -78 
 -51 -107 -82 46 -34 -58 119 -39 -28 -90 115 -93 46 126 -38 
 43 64 35 82 44 21 -35 -116 82 30 92 26 -74 27 46 18 -117 
 116 -110 -115 127 -56 44 114 -15 34 106 -124 -17 -94 -31 -2 
 69 -88 -19 59 92 22 -19 38 -28 35 0 -81 93 16 -102 -45 105 
 -58 61 -60 -83 -13 8 -71 92 46 -70 43 -57 -61 -50 -112 -44 
 60 -92 -124 96 36 97 39 76 -79 57 20 99 117 77 59 -15 -72 
 113 -64 -26 44 121 122 -38 -75 -123 43 49 54 -79 30 15 105 
 42 21 -46 -93 -67 -69 31 -112 -80 36 -41 -53 -92 -90 -88 
 119 56 -120 84 22 -15 -117 4 -22 12 -71 -90 103 -48 21 83 
 -81 -44 -44 25 -82 59 127 -23 -74 -5 -67 63 67 -96 65 -113 
 94 -95 52 87 108 107 -18 -53 78 -104 -51 18 49 -64 -4 2 72 
 27 39 28 -107 127 21 115 -43 -29 -110 75 -59 72 -7 79 -16 
 68 -25 -22 -47 -94 114 56 64 34 -81 -111 26 -24 -1 -74 19 
 -117 123 -119 77 70 77 68 -36 104 -92 22 -90 93 -42 28 -42 
 -42 -72 37 107 21 68 -119 39 -34 -112 -10 -58 -69 -123 82 
 -45 63 -14 62 124 125 -73 54 -61 66 -55 -97 -41 11 128 -118 
 13 -58 16 122 0 -65 -44 109 110 98 -95 29 -123 123 -50 67 
 -50 53 -76 -113 42 -7 -83 95 -119 -65 -79 -84 5 -49 60 -22 
 92 -98 -79 -27 -49 -90 54 -102 -40 110 -37 103 -107 28 -57 
 -8 116 0 -33 12 23 -59 -69 29 38 -30 111 19 54 54 -3 -39 
 -81 -72 -100 4 -12 7 119 62 -25 -84 44 -63 -2 -110 121 -29 
 -55 -6 66 -58 82 -38 20 70 -58 47 40 127 103 20 24 -108 -72 
 -57 -54 102 12 -5 -15 119 1 -73 -45 43 21 118 -19 28 -86 
 -39 95 126 -16 -82 -46 43 25 4 65 -104 37 -18 -50 112 13 
 -43 -95 -101 -109 -51 103 -103 -28 -42 51 128 -71 -113 -41 
 -39 15 101 -9 97 112 -97 -65 58 79 -30 -124 -113 23 75 -41 
 71 -52 85 54 -100 11 25 -24 40 4 96 15 46 -109 87 49 29 -87 
 100 89 -76 -1 47 -2 -98 20 -107 -124 -44 126 -50 49 -23 -81 
 32 -92 27 94 -91 57 23 41 -44 -67 -3 8 -100 47 43 56 63 0 
 13 43 93 21 26 -28 95 86 92 4 -6 -36 75 32 17 85 45 -123 76 
 83 53 -34 115 -82 -10 23 49 -30 106 58 85 66 62 109 113 -75 
 43 -10 7 106 83 24 67 59 -47 28 103 -16 -105 -80 17 -115 
 -33 53 106 108 61 -38 -121 -72 11 -125 -101 110 117 -61 92 
 -95 -83 -47 -43 -84 105 107 75 -83 -99 -10 -92 94 74 88 -75 
 106 115 -52 74 10 -53 120 -63 -118 -34 100 30 71 46 69 52 
 -35 -104 42 -62 109 126 46 -4 -16 -74 127 -16 -10 27 -64 
 128 11 -13 -94 47 -15 97 -68 28 85 -86 -41 10 -94 -33 -80 
 -120 -100 -1 66 113 -102 103 -8 -55 92 -46 84 92 -100 -118 
 65 82 -101 -103 46 107 39 120 -77 80 10 -8 -14 112 -10 -38 
 105 -88 47 96 61 -65 79 -74 -114 -10 97 66 -54 59 -48 115 
 -56 41 82 -12 -64 -63 19 78 -77 4 -62 91 3 -77 57 16 31 -69 
 -41 -105 48 -91 40 63 -46 86 -78 -99 -118 -53 127 -53 84 60 
 -13 71 -83 108 110 -97 74 81 89 -88 -106 71 -93 -58 -11 27 
 77 42 -109 94 123 -113 47 -110 57 -26 -6 -65 -85 102 43 42 
 -54 -108 106 -57 -123 -35 60 21 -103 -118 -64 62 100 -79 
 -46 124 -15 -106 -20 -94 107 -65 17 52 -124 41 -57 99 -105 
 70 51 71 -69 -59 127 -26 -56 -73 -2 108 112 76 52 -61 -60 
 53 -39 34 -120 29 127 -94 92 -13 57 73 -51 80 77 46 -53 -94 
 -111 19 -65 -32 73 -61 34 -22 -22 49 -125 87 113 39 -92 -86 
 29 -61 0 -106 -17 3 10 95 117 -86 61 -76 67 -29 39 92 -5 60 
 65 -47 -69 -7 -81 -123 43 0 -100 -54 0 15 71 67 107 -63 -27 
 118 -94 -85 42 -115 16 -52 -33 -102 -49 120 114 46 -9 -42 
 -17 129 -1 -22 120 109 -6 46 76 50 38 -33 -21 -119 -87 23 
 -96 -52 26 -46 -86 81 -36 53 89 -92 -70 -111 56 -87 43 -7 
 -48 44 -65 -77 87 -115 102 -69 121 13 97 46 40 102 73 -120 
 11 -109 -10 -31 101 -52 64 -65 68 -121 63 39 -64 -98 27 122 
 -73 125 43 73 112 -82 67 19 -17 78 -16 -49 -104 -41 -105 
 -77 -31 103 30 11 -4 12 68 -105 87 101 71 5 -69 13 64 -36 
 109 -90 -83 -34 96 102 -29 45 67 -20 -56 65 -44 40 -42 -85 
 -100 41 -85 -103 -122 93 -66 96 -17 -119 -74 61 27 72 -83 
 -1 -2 -80 90 44 -13 -112 35 -24 14 72 127 -20 36 -2 -22 -36 
 -23 -18 -62 129 -76 -7 111 13 128 124 -23 111 121 -50 -24 
 -102 104 -3 52 38 115 89 -97 40 8 -99 119 16 58 87 117 -2 
 -26 25 109 -30 -10 52 2 -89 -67 90 18 68 33 -119 -73 8 -122 
 -74 -98 121 84 -79 -4 1 88 -101 26 92 61 -111 38 -27 -11 89 
 106 -58 -89 -91 -37 -26 83 96 -39 12 21 -26 -119 -78 84 -17 
 67 86 53 -89 122 -21 -113 12 -109 65 20 23 14 -22 96 -84 87 
 18 43 115 76 -35 -81 78 8 97 119 22 4 112 -15 -17 -118 13 
 -40 -118 -110 28 -5 12 110 -79 -65 -62 104 -70 14 16 125 
 109 -79 59 102 112 92 1 77 -82 -52 81 114 68 60 79 -102 -92 
 14 -107 9 99 -61 1 126 20 -47 84 -94 120 -80 109 127 -6 113 
 -82 114 62 20 79 97 -58 -35 26 40 69 -39 23 78 113 24 -120 
 -12 -119 -10 111 -48 41 -44 -46 -64 -71 -100 -31 -71 32 -23 
 51 -17 30 98 -99 45 -52 -106 -57 66 78 96 -95 0 107 -88 119 
 86 -124 0 -96 41 33 69 -125 -44 103 -14 -67 63 21 -39 -66 
 -65 25 7 87 5 -4 45 27 127 49 -88 80 123 -63 51 -89 -118 
 -31 -58 -85 42 48 -83 15 69 -60 29 68 63 -69 22 57 16 -80 0 
 -41 54 23 -37 -26 -1 -89 85 -23 -96 98 -8 29 -95 4 -42 -103 
 -66 126 -26 63 -5 -26 114 -104 68 -83 -49 108 69 88 -22 80 
 49 16 28 -45 98 -11 -116 84 -3 -4 -114 96 -20 -60 -111 85 
 101 -11 107 -106 48 78 -22 -61 -119 67 -23 -4 125 -122 -106 
 -12 26 102 53 116 67 -71 -6 38 58 90 0 26 20 -23 78 -45 
 -122 88 9 52 -15 110 79 -10 33 -79 41 44 38 123 -59 -4 -117 
 -11 -75 87 126 -15 72 11 -101 -51 -27 113 -50 32 -37 -105 
 101 -24 -60 103 -72 -13 -104 -109 -54 63 80 70 -72 -117 -2 
 79 -108 -68 29 -6 2 -82 -85 5 -91 106 39 97 -88 -73 113 
 -124 -2 -6 14 35 -76 -80 -41 2 -26 112 77 -40 95 -98 22 115 
 86 30 -49 57 98 -94 21 105 85 108 43 -22 -125 2 86 -123 
 -106 114 -58 -112 2 29 -29 52 -103 38 120 -78 111 119 -67 
 -95 10 -88 -65 -96 -35 126 32 -31 -35 112 97 -86 122 -84 
 125 80 65 83 5 62 -87 -90 -82 48 102 -83 -16 -6 63 -93 -21 
 10 66 -56 39 -103 -93 10 116 -110 29 69 18 65 -2 -113 -72 
 -115 -34 -34 113 12 126 123 118 71 -37 -126 -65 -3 -52 87 
 114 81 -34 -20 -25 81 88 95 -112 65 46 39 -94 26 -32 -93 
 -59 66 73 -39 91 122 -85 -97 -1 -43 -108 -44 -87 -45 -4 -24 
 104 89 127 113 81 -76 -26 101 -14 60 30 -5 -9 107 45 79 -45 
 -26 17 57 83 -18 -61 -18 37 -91 70 85 97 62 -52 -9 -125 -99 
 -105 63 -114 36 43 57 105 15 54 76 36 69 -26 -63 -40 107 
 122 -19 -57 -64 -49 -79 87 6 87 78 49 59 -38 27 13 -98 -28 
 8 -51 -115 -62 5 -86 -50 106 1 3 -55 112 -83 -6 -61 -51 104 
 102 77 63 58 -29 46 -82 44 42 81 122 -56 16 -57 -90 96 24 
 -39 70 -60 -117 106 107 -18 122 -102 -30 -42 109 -12 36 19 
 11 -4 -100 -43 86 -5 81 -89 -43 52 -41 56 -58 33 121 -49 
 -76 -19 -57 55 69 -22 98 78 -82 52 125 -72 -86 26 42 84 6 
 -93 -12 -112 -71 89 58 9 115 27 -104 62 -64 104 126 83 121 
 -44 -12 -55 -70 -28 56 -78 -126 76 -93 62 -69 -57 -41 22 
 -107 -66 95 -90 25 -9 -33 111 -110 -79 -107 -120 -19 28 42 
 31 -46 57 122 119 72 38 4 -64 -30 -13 82 -64 63 129 -36 -38 
 112 111 -123 45 -51 110 95 -3 -43 35 62 -61 -86 53 62 -77 
 -10 -62 0 -52 -1 111 -112 -91 -59 39 -58 -47 -39 -30 111 18 
 120 30 -111 10 57 -34 -81 -47 -37 -7 -94 3 -2 -5 -32 -58 15 
 -21 -38 -63 -103 -9 46 -1 -114 -76 89 80 128 -33 -45 122 
 -67 0 -123 -120 35 -96 -30 -1 -51 116 -73 -113 -24 33 -100 
 121 76 124 56 40 -45 -20 60 -102 46 48 119 -93 6 119 -28 
 -100 -18 -110 -54 81 37 -55 -70 -45 118 115 60 -2 34 -110 
 68 -44 -14 60 -49 -63 63 43 -41 -118 124 -118 94 41 99 -46 
 45 8 -98 -39 107 67 -114 79 102 -22 30 -32 -48 -21 -4 8 -27 
 7 -93 -105 105 98 6 -70 123 63 33 12 120 -86 19 28 -19 29 
 -69 97 82 -112 -50 21 21 106 45 12 -77 25 -95 50 -20 -34 
 -22 -77 -96 103 120 -51 -35 -97 59 75 -39 107 76 -33 -107 
 66 -96 -57 1 123 -40 22 92 -84 124 98 -111 -73 124 124 38 
 -2 -61 49 67 -76 -65 -123 -121 18 65 -68 -106 -45 -35 77 
 -92 125 98 -44 78 -91 95 -17 127 125 11 36 -122 45 74 70 30 
 -28 26 -17 -8 28 94 14 -89 -106 6 26 5 -117 31 105 -64 -118 
 42 11 -79 16 -61 73 -10 -49 -114 100 24 128 -21 44 -29 35 
 20 50 -92 92 26 123 -85 -76 5 57 119 117 -64 1 -100 -25 -67 
 83 122 20 34 111 -31 -114 -98 -59 126 -85 105 14 63 127 1 
 -119 26 0 50 114 1 98 -96 -124 62 -90 113 -27 -89 -124 -65 
 -125 108 -64 37 -67 57 77 -12 74 1 120 -43 -115 -14 -48 47 
 -1 43 -15 -42 -103 116 75 50 19 37 -71 16 -5 121 -98 -53 22 
 109 -28 -69 22 74 32 72 -102 8 -50 38 -34 -30 81 63 124 64 
 93 61 -104 61 -3 -73 -101 128 -74 72 121 59 -97 51 -71 20 
 -78 10 45 80 128 -24 55 27 -98 70 120 -9 -22 61 -55 -38 23 
 -119 -126 35 -105 -88 37 50 30 -74 -2 41 -11 18 -22 42 78 
 -1 -83 -92 21 92 -17 78 -16 -82 -56 44 -120 49 76 -64 37 3 
 -95 -112 128 119 -121 18 47 -44 103 -71 102 101 15 -61 50 
 -17 -112 -124 -40 121 28 -85 65 120 126 -87 126 101 -121 
 -35 22 -38 31 64 45 -3 118 20 80 -106 -110 -81 -18 57 44 
 100 39 100 108 17 -19 42 -31 30 -57 81 9 -49 -70 10 96 97 
 43 98 -41 48 -74 106 120 -40 -79 -36 -58 -103 -42 72 -88 45 
 31 123 -114 -7 -32 19 -70 -44 -72 -84 -25 -80 85 -28 -4 23 
 -65 -54 -66 38 -83 43 37 -66 5 45 113 -11 13 66 47 -34 3 
 -110 32 -118 -32 -77 -25 81 -38 61 116 -103 113 -11 -114 70 
 74 -57 16 -101 -83 39 -107 -37 -118 -59 116 96 -9 13 68 74 
 -38 -114 -77 99 -74 113 -125 2 -95 -11 56 119 -47 -96 -27 
 -92 97 -29 -18 74 14 127 -119 -105 67 -7 43 72 69 83 -119 
 95 58 57 112 -84 -123 16 -64 36 -116 17 70 47 28 61 48 -73 
 80 -85 100 88 -12 44 -55 104 53 -13 118 -123 0 -69 -54 96 
 -107 1 4 -74 0 29 -73 59 -123 58 31 -52 69 -37 -108 60 11 
 -37 -58 24 91 -84 34 117 73 -40 95 43 55 -112 113 -36 -26 
 62 106 -49 -95 -40 15 104 63 -3 -84 60 -84 -107 127 -102 
 -87 108 81 -101 98 -76 -9 -57 -66 97 -51 -123 -79 124 -54 
 62 -65 101 55 21 32 29 71 51 85 -117 47 -56 -11 -125 58 121 
 -54 -49 24 -41 -16 -107 -83 -18 115 -7 -106 -109 94 36 66 
 10 -118 21 33 84 44 5 -66 77 108 84 88 -57 25 -3 97 62 38 
 -111 -70 115 112 67 47 -112 -106 23 -5 115 -29 -53 76 88 97 
 -25 -13 110 115 75 -108 -22 -50 -37 -103 -107 -12 -58 2 112 
 68 -32 57 53 13 40 -15 89 -106 26 -122 -118 -103 -94 -50 
 109 97 15 109 54 -25 2 -117 -97 -103 121 -60 11 -19 28 96 
 121 106 -17 -37 -108 -6 120 128 -91 106 -104 40 0 54 -57 2 
 -81 -87 -11 -83 -82 -36 -113 -105 -68 13 -14 -93 120 100 
 -56 -100 58 23 30 89 -116 11 88 -124 -119 20 -40 79 -30 -50 
 -92 89 -12 -85 -16 -15 -81 -7 -11 43 -96 -97 100 -33 -110 
 42 52 -8 70 -104 -79 -44 -78 -36 56 48 46 -91 67 -68 -87 
 -18 29 110 104 -17 123 16 108 58 -81 77 42 39 -42 -79 -94 
 95 121 54 -15 -61 -60 -7 34 -70 1 108 92 40 92 -37 53 38 
 122 17 -115 -97 25 109 -96 38 86 85 53 114 43 77 29 -3 -68 
 67 -80 0 122 -47 -102 -107 -41 26 12 32 98 -100 -123 36 -89 
 53 -49 -44 -120 73 -60 44 31 29 -55 121 24 -117 108 25 59 
 73 3 5 52 -89 32 -24 -59 80 -102 12 -101 92 30 -104 112 41 
 -1 104 126 21 120 -37 -49 40 -80 34 122 80 -33 121 16 103 
 73 8 71 99 70 -69 116 -73 70 30 83 -36 -23 -33 -7 58 94 56 
 37 -85 65 10 -91 81 91 -46 7 -31 2 -99 -72 9 33 120 26 34 9 
 100 11 -83 22 -83 4 -84 79 -100 -49 71 -101 27 52 -109 15 
 36 -4 -112 98 -118 92 43 -81 104 -88 49 -68 21 -88 -31 -119 
 76 121 53 -61 46 8 86 -110 17 119 72 24 55 18 55 116 -113 
 123 -55 -48 113 -96 -112 -70 12 63 69 -79 -56 -93 -29 -61 0 
 -52 -115 -5 -124 123 -20 -108 -3 -27 -79 59 -83 31 -31 -18 
 14 -87 122 -52 106 59 -80 21 -115 55 -46 79 -69 21 117 -38 
 65 -103 43 96 -18 -11 -36 -18 116 -111 -58 -85 102 -119 68 
 76 66 -111 15 70 48 -115 100 -46 100 124 33 -67 -70 -114 
 -39 83 -15 -17 -29 -108 85 20 93 -116 -97 -47 35 -63 26 52 
 106 -18 -3 127 125 26 78 -116 -100 -5 -91 128 -108 -10 -68 
 -106 -54 -64 -5 20 -122 -70 -72 28 118 -58 -119 6 70 79 
 -125 61 -93 -101 3 -70 122 103 86 -48 -63 10 -41 85 24 83 
 -67 81 -107 -125 -96 54 120 -48 -14 98 15 -112 106 18 24 
 -69 119 57 -60 54 66 41 34 -60 77 74 15 -58 -96 108 -67 -62 
 100 -89 64 -60 -99 103 -86 30 -60 -91 64 -85 121 117 -19 29 
 -88 -98 -18 -47 -35 -17 30 83 -65 17 -30 128 80 1 -110 -71 
 -83 129 28 41 -111 -18 -25 65 116 60 47 35 93 92 93 32 -95 
 40 110 110 70 -12 38 102 -76 -8 -17 49 90 -44 29 104 -106 
 -58 103 -38 67 -86 33 -71 -18 -39 -74 34 94 -113 -11 -18 
 129 1 16 118 42 -55 117 10 -122 -57 -53 -19 93 46 29 85 -84 
 70 -42 -114 84 -55 121 120 -120 16 -109 65 -43 122 -31 -115 
 68 10 -71 82 -119 -64 -89 60 44 25 60 -42 43 -104 -72 -123 
 -68 61 12 97 96 -77 10 127 -30 -110 -12 121 -44 -45 -2 -49 
 -84 -87 -24 -67 -55 91 76 -20 -76 -28 29 -32 -77 -117 -114 
 39 -109 24 80 -89 -55 -119 35 -115 22 -32 -83 95 91 52 -103 
 -113 -21 -28 -9 -59 -26 -62 78 71 121 -103 35 -107 -2 46 
 -111 86 34 -23 -3 116 -46 1 -81 32 120 -49 -80 81 -122 25 
 86 66 2 30 -86 -78 125 71 -66 -124 -83 -26 109 14 21 110 
 -37 38 101 69 -37 -120 10 50 -115 1 -17 -50 85 -37 2 55 87 
 -101 51 -88 124 -44 -42 117 -105 126 -114 100 112 26 96 1 
 19 11 -114 -101 114 60 129 91 37 105 90 -63 -101 89 -96 81 
 -68 -95 -97 -20 -46 34 -32 -51 -43 -78 104 100 36 -6 26 7 
 14 89 44 21 48 -39 -35 5 48 -23 89 116 59 -62 -38 74 -120 
 -12 -40 -117 11 -34 -48 105 76 -81 22 90 113 76 27 116 -45 
 -42 122 117 8 -4 -52 127 -92 -87 22 -29 9 -102 103 -125 67 
 106 -39 33 46 -38 -41 -35 118 44 61 59 33 67 -106 -106 -109 
 27 -90 -41 -95 -93 50 76 -10 106 88 -16 -121 -116 -125 89 
 -85 -24 -125 78 -41 -43 96 28 112 74 -20 50 77 41 19 -94 -6 
 -68 -117 128 -20 100 73 17 129 -40 -1 -1 91 -122 -14 -61 
 102 -82 -28 -32 84 54 -43 -77 -91 -87 -121 75 18 -94 -6 -78 
 -88 -26 127 92 22 -12 -78 -51 38 -26 109 7 -121 -48 52 13 
 77 59 73 -48 103 57 -15 -120 -66 8 -45 92 -65 72 49 108 -17 
 -85 48 73 -69 -125 -113 -55 -102 123 -88 127 37 -17 67 43 
 -120 -101 125 -17 98 -75 -37 93 91 44 2 -113 6 -8 -11 129 
 -55 -22 -115 103 79 51 34 -67 -34 -49 59 50 48 -2 87 9 -19 
 -111 -118 34 -29 67 31 25 -52 -39 -27 -49 52 -41 -97 97 
 -110 -125 -116 50 -100 -60 -60 30 -118 -81 -93 -49 123 120 
 27 -17 45 79 105 28 28 -54 82 93 35 -56 -67 -119 11 -49 49 
 33 67 102 45 28 -22 -125 -46 -84 32 75 42 -40 -124 103 123 
 -91 -10 -116 119 31 87 -64 109 118 -55 -25 -64 -38 -120 29 
 -119 -56 -38 -8 48 -12 -53 34 107 -14 -79 45 39 29 -10 126 
 93 57 57 -77 -27 -72 52 -111 93 -120 40 68 129 24 -95 -83 
 67 80 111 -99 -21 50 -27 -108 -102 4 -70 64 129 -75 -34 
 -120 30 -55 -52 -102 -33 -122 68 126 -103 40 121 54 96 83 
 -22 102 -97 -126 23 114 42 92 -78 -56 -78 116 -39 31 -57 
 -88 -111 129 102 -106 -23 37 -52 -32 -15 -27 -7 -98 78 78 
 -62 -49 -37 -28 -46 -102 -35 -117 -71 -75 -124 -85 82 -60 
 16 -113 44 -57 -87 -78 -48 83 -111 3 -28 11 90 106 -54 119 
 -5 92 -43 -107 76 47 -25 -25 36 -10 -116 17 -23 -124 -40 
 -59 63 -11 17 34 -41 79 33 44 -52 28 -43 32 -125 99 62 70 
 -90 -105 60 -94 63 -37 104 53 54 -22 -104 96 114 -29 -12 
 -118 -98 -37 13 95 62 46 34 4 -25 29 21 -69 4 67 126 -120 
 126 118 -29 -44 95 -5 -104 -96 63 40 -125 78 -40 -90 -113 
 -92 44 93 -125 -97 -20 112 25 -102 -84 110 32 43 27 -109 38 
 10 86 -108 58 95 85 70 -107 27 57 113 -117 92 102 76 117 3 
 11 114 -42 -39 -68 83 102 -92 -13 -33 97 -20 -43 7 -20 -78 
 23 68 -79 -28 -51 -32 -58 -97 -82 87 -17 -101 46 64 -22 105 
 -120 -64 121 102 13 -7 47 -53 -121 63 63 -46 -89 65 108 -52 
 103 -98 31 85 103 3 -90 -38 47 41 19 -33 -114 -10 -78 -67 
 15 19 -61 22 -40 124 111 112 -65 83 83 80 -100 -91 -53 105 
 52 -101 9 -6 -120 98 -112 90 90 16 -38 -109 -60 -78 10 62 
 -27 -103 -18 -73 -4 -36 11 -47 -79 91 4 -67 74 -87 66 -6 
 -68 4 -4 -42 -92 42 126 76 44 -17 -55 -71 129 2 -73 57 -6 
 -86 101 129 58 -7 -31 -62 5 -12 3 -68 -57 109 19 -124 63 2 
 -118 90 90 61 -52 121 -85 45 79 118 -102 63 -124 59 111 102 
 -36 -3 -13 119 -84 56 0 117 -46 12 -58 27 70 -53 -51 6 -40 
 96 -56 125 29 123 -109 -73 -82 73 121 -13 34 14 -51 -21 -75 
 14 2 -22 104 -87 -3 58 22 -109 32 116 87 -5 -51 -100 95 -20 
 -8 72 122 -32 -26 -66 18 -118 -113 -111 5 85 10 -18 -70 -17 
 60 -14 116 -31 -112 17 57 -44 54 -57 29 112 76 -20 -7 -105 
 -12 -116 29 -60 -113 45 -82 -104 20 -15 11 114 96 -113 58 
 115 98 107 30 17 -63 6 -120 -62 126 -67 -64 89 -75 31 -43 
 -115 -63 19 10 -98 18 -76 -71 -10 -25 71 -110 -111 41 80 
 -92 120 -36 126 -105 7 63 112 88 23 -72 -54 80 125 -27 98 
 30 1 9 27 18 129 61 -84 4 -28 -60 -126 -123 89 -8 97 57 36 
 107 -108 -27 24 -5 114 -62 -95 124 39 -44 14 -90 -79 -103 
 -77 -123 -124 -110 -61 -16 62 -74 -43 -83 -3 105 110 -77 
 -111 -115 -38 -84 -75 -124 90 2 85 107 -80 -103 128 -66 10 
 -68 -48 116 -49 -87 -63 64 -104 -25 78 -109 92 107 -25 -120 
 -102 38 -18 63 -8 -2 -72 4 -87 91 -27 115 -45 -60 76 -78 51 
 21 12 88 -111 -104 -53 111 91 116 50 111 -35 78 -35 87 -8 
 -6 -3 1 113 77 69 -102 -62 92 79 124 36 -19 -21 -119 -74 1 
 -51 42 18 -65 -54 84 122 89 121 -16 -98 112 109 2 9 -89 -25 
 -28 -83 128 -109 -112 -50 43 101 43 75 111 20 0 71 -72 -28 
 105 43 53 -46 -68 106 -93 107 -114 -93 -82 -3 -85 -63 -53 
 111 -106 -117 77 -97 41 -60 -19 126 42 113 -99 63 -23 -98 
 59 -4 24 -102 -22 -126 47 -97 -115 105 -107 -28 -111 -22 
 -105 65 109 -49 25 -77 -45 -8 23 97 -14 31 -5 82 93 28 35 
 -107 116 75 -59 62 41 128 -21 15 -68 -50 15 -87 93 -75 -84 
 29 121 104 42 -73 38 20 35 -15 28 105 81 38 40 -116 54 31 
 99 122 -30 -104 100 -40 -86 20 -50 -67 -71 -19 -96 40 66 -4 
 114 109 -3 -78 9 111 -110 -33 -86 -69 -15 88 38 52 -46 8 -5 
 59 123 -17 121 70 -78 -51 26 -61 51 -82 75 15 36 66 -65 -61 
 -38 35 51 -31 79 23 2 108 -28 34 78 -69 98 5 102 43 17 -78 
 -104 -10 -98 -115 -29 -41 109 -108 126 -31 -93 -65 -41 -87 
 43 50 -85 5 -82 -6 54 67 -39 -80 32 36 -114 -40 33 -9 50 
 100 120 -5 103 70 -27 -35 126 115 32 34 -25 -47 -61 8 -49 
 81 115 68 -26 -83 68 62 -100 69 -11 -73 104 27 -53 31 96 
 104 -77 104 -14 -39 1 -39 -34 19 13 -44 31 -43 126 -53 -45 
 37 104 10 -25 54 126 -22 20 -83 -112 -22 103 -21 -80 -93 
 123 4 -8 -125 78 -43 67 42 82 24 0 91 -59 -91 -33 84 -54 
 -100 4 103 -81 18 -126 28 -55 24 -28 86 118 120 98 -61 50 
 -47 13 -58 -69 59 51 -19 -30 -114 -36 101 75 -30 -111 -7 
 114 -52 -88 -33 -103 90 112 -81 -106 -65 78 103 126 -12 -10 
 -22 5 112 93 0 -12 94 -70 96 -48 -23 -104 -23 -100 126 23 
 -57 129 53 112 -45 -51 -68 104 72 -45 -9 -126 -100 103 -3 
 11 -85 126 49 -86 14 -20 25 -98 -16 77 117 -118 -75 120 -37 
 -118 22 -92 83 59 110 -66 116 32 40 -81 15 -95 36 -43 -4 
 103 -39 42 -107 -3 -123 -101 55 8 53 -47 15 114 92 -26 -47 
 -76 29 105 -98 -125 23 89 -31 92 103 11 -104 -6 -73 84 39 
 65 -19 85 82 60 111 101 -101 103 -52 -27 124 -90 -7 92 -65 
 -29 116 -24 -65 83 46 -117 -92 -97 26 25 -10 -81 76 -125 -8 
 -57 16 90 -122 105 114 -88 -98 3 -56 -124 58 51 53 -28 52 
 72 41 -69 91 116 53 46 -76 -111 101 -34 -14 81 63 89 -89 40 
 69 -121 59 -115 -105 81 -41 -30 -77 100 -42 100 21 14 51 49 
 96 44 48 -99 2 25 36 42 -90 114 109 51 92 3 128 -69 -9 73 
 -120 -4 16 122 -17 -40 23 -124 -87 -49 -80 67 -85 -94 -119 
 92 -61 46 69 86 20 -24 4 127 83 -72 52 129 -64 63 41 -99 
 -125 -40 -105 89 80 79 16 45 3 -124 -26 -11 -72 -34 42 -114 
 -79 -84 93 61 6 49 90 -101 -44 56 68 97 100 -85 101 38 101 
 -56 -90 -50 44 -32 -122 -107 -83 -65 34 -19 -91 121 46 -59 
 -69 -75 -11 62 115 -99 -41 100 -28 -56 20 -69 -103 -79 116 
 109 28 -78 -89 -30 -111 122 124 -54 101 74 -117 122 -30 87 
 70 48 -116 57 34 -46 -89 5 116 -68 -54 53 -35 29 -100 -113 
 95 -3 -82 104 102 95 103 -30 3 -67 -16 92 -45 -47 64 103 
 -30 65 -19 27 -34 35 94 -58 -83 -3 113 86 128 -126 -88 81 
 -123 30 -108 11 79 85 -82 -60 -34 25 -43 -49 -52 -110 -9 
 -16 -126 -65 114 -7 -45 -1 -78 -19 -53 1 44 110 -69 -37 -17 
 41 -89 -52 -8 46 -105 129 101 14 -108 32 -53 7 111 41 -109 
 106 127 -60 -31 -71 -15 -20 -99 88 -98 15 11 54 18 93 -26 
 -4 84 -102 17 108 -7 28 103 -50 -24 -81 71 107 40 49 -31 63 
 110 82 32 86 26 59 -97 -78 -19 -68 76 53 119 -101 70 -38 22 
 -39 -71 -114 -52 -37 -76 48 -61 52 -93 -29 91 -116 -87 -82 
 -70 12 31 -44 84 13 -112 100 110 41 -20 31 -113 77 -48 -1 
 56 -56 -59 -59 -34 -34 115 -96 6 32 -13 -32 13 -18 -51 -18 
 81 -105 64 -86 -41 125 97 124 -116 -46 113 -78 -5 -49 -118 
 -76 -29 -94 97 -45 39 74 38 83 4 125 13 -7 -103 43 -3 70 78 
 -52 -42 -58 43 -28 127 -90 118 5 -106 114 -116 -40 88 52 53 
 -62 19 15 63 -80 -114 -24 -64 51 -98 54 -20 -73 -68 -44 
 -105 -115 -58 8 28 14 99 21 -84 61 7 -57 43 95 71 39 67 8 
 32 19 -58 32 39 -4 97 8 80 68 112 -45 105 -113 -74 -112 
 -125 58 -104 -92 -103 -100 25 77 -25 -78 -45 113 63 -2 -13 
 -35 -27 112 54 -41 -20 63 87 67 -100 -97 -35 36 100 -62 -66 
 -21 70 39 -40 113 -66 -36 128 17 77 53 19 -62 38 -27 -109 
 -81 121 -6 96 112 -111 -103 12 -75 30 -88 -123 104 19 -90 
 -103 3 -125 -4 43 1 -9 -77 -91 -19 -99 -108 -35 70 53 -35 
 20 110 32 -119 -27 -1 -102 56 -124 -37 -37 87 -9 -22 -19 
 -111 -46 36 23 -26 -88 75 -72 69 -92 -17 -87 -45 -50 -14 57 
 128 -112 -79 31 63 -105 15 -14 -74 98 84 -57 -114 -2 56 -42 
 -71 -7 -86 99 -79 -87 114 -14 31 102 71 -41 -61 -112 55 82 
 79 -19 10 -13 79 -118 -96 56 125 86 -59 -106 -29 39 -14 -24 
 118 105 96 73 -97 -106 -8 -86 -36 14 101 -72 78 24 94 -61 
 27 46 92 9 93 57 13 -66 101 78 67 42 83 117 -60 8 -116 85 
 -21 -5 50 -104 19 90 -70 -3 -83 43 -63 -24 -83 -59 -38 -57 
 68 39 118 -71 -57 -116 118 41 92 -48 41 87 93 -102 17 -18 
 73 91 58 -91 25 91 59 81 -21 50 -68 60 -81 -41 108 91 47 
 -23 17 72 10 84 -91 47 89 78 128 -54 -49 -76 69 17 80 -36 
 24 -20 -13 -109 -26 46 6 -10 -64 -105 111 117 126 32 -29 
 -126 -87 94 -115 116 10 77 49 -97 87 119 99 -43 33 89 76 
 -55 8 116 88 45 26 23 114 89 123 -16 1 49 97 110 -37 106 
 -78 94 43 12 -59 -66 -60 -81 34 128 -112 103 48 -82 47 -115 
 48 -124 80 -24 -82 -116 101 -110 121 36 -23 7 102 76 -37 90 
 101 -123 78 -113 -41 -49 -2 127 49 -66 -4 102 -27 35 -63 -2 
 -95 60 -57 -78 124 72 39 17 -19 -124 51 1 -27 59 81 -117 53 
 -43 -60 46 7 66 77 -93 92 -90 -103 -25 34 -126 17 -80 -2 -7 
 -54 -95 -3 -23 -110 8 -95 -2 70 60 -108 16 91 121 -106 -52 
 -27 110 -110 -42 50 -55 -113 -50 40 88 36 -26 -24 60 125 
 -66 -52 -97 -110 113 52 63 -73 32 60 -90 15 -88 20 -120 -33 
 27 -82 -106 -57 124 46 56 -23 67 60 1 24 17 -84 74 128 13 
 -13 129 -102 49 95 -42 78 48 105 -56 126 12 13 -8 -72 0 
 -108 65 -92 -123 -115 -95 -97 39 38 45 26 28 -106 -66 128 
 -126 22 -55 38 -12 -115 -29 0 111 45 9 15 -64 -126 74 -32 
 96 -8 -26 16 -63 -38 1 45 -3 10 58 -59 -68 75 -43 125 12 
 105 76 -28 -97 97 3 80 -45 -104 -59 -85 41 -51 -17 85 -116 
 -86 -36 126 122 -109 7 31 113 16 -39 -3 -23 -29 1 58 -62 
 -106 -33 -42 -18 117 95 -101 -122 -52 -96 8 16 -38 91 5 37 
 90 32 108 24 91 7 89 118 -50 28 122 -99 -42 98 -18 -63 -105 
 118 -48 -85 80 -103 -49 -7 48 -97 -85 21 67 41 120 119 91 
 68 66 -33 -69 -95 62 30 -61 12 94 -73 102 -93 36 -8 -13 113 
 35 -63 36 2 -94 -84 -122 -123 -39 67 -126 -31 -115 -102 44 
 50 6 -1 63 52 55 20 -99 76 -61 -54 -43 -60 -121 5 -107 -28 
 -107 -67 51 -55 -108 -33 -59 57 14 100 -98 -9 107 -58 102 
 -112 75 76 107 -39 -42 -52 95 121 115 -2 -11 37 78 19 -78 
 -64 105 -120 15 95 -60 -53 111 -67 37 126 124 65 109 19 8 
 -25 -99 -38 -55 129 31 -63 126 80 23 116 48 11 -62 113 39 
 47 18 67 62 97 -32 46 110 -82 2 -112 81 24 -46 7 77 60 -119 
 -9 23 67 105 43 -38 -89 129 -61 22 -106 -64 13 114 -92 86 
 16 -20 95 31 -82 89 87 82 82 -49 103 126 87 -45 45 10 108 
 96 7 -116 112 -121 -23 3 47 -101 -51 -50 -55 85 115 66 93 
 100 89 -85 -49 22 -11 -57 91 -99 -67 36 -51 14 18 -107 104 
 -93 -7 104 59 -94 -84 64 -94 120 22 -37 102 93 -100 -9 -60 
 127 -19 119 -32 -56 -24 70 -44 107 29 55 70 122 78 -118 126 
 -70 117 -72 89 9 -115 50 28 38 33 17 -77 33 45 34 62 99 -24 
 29 20 -14 -86 34 -115 51 -89 97 -67 -62 25 -40 38 128 44 
 -126 94 -54 88 -1 -106 123 26 -110 67 -27 32 117 114 44 -99 
 49 65 -22 92 5 123 96 14 -27 33 -102 75 58 -26 22 15 88 -70 
 -58 -112 19 62 -30 -35 4 -125 -40 -101 31 -53 -52 -6 104 19 
 98 -93 120 65 -16 80 111 97 78 122 64 71 -61 -85 -29 -25 88 
 -29 -76 -68 4 6 -101 95 -44 22 58 89 107 127 -109 -86 -21 
 -14 113 99 106 -13 -34 0 -114 26 -26 -43 111 38 -33 -119 
 115 25 53 -51 100 -58 97 -126 -91 74 67 12 96 -63 -97 103 
 -116 -75 126 -11 -67 -72 10 70 -39 69 -56 15 56 -2 97 -125 
 12 -47 83 110 -111 19 -2 17 14 -17 -6 -61 -94 55 -38 -54 
 -107 -118 120 -35 -29 74 -82 -2 127 80 85 61 -116 -9 -9 -67 
 111 -34 25 -106 58 17 -52 -39 -48 104 65 -126 50 -75 -99 43 
 82 -25 -79 -22 -60 58 37 -60 -21 -62 71 -108 128 33 -39 -78 
 81 -83 -71 49 32 91 -3 -69 -126 86 62 17 81 108 72 111 82 
 111 48 -37 15 39 59 75 -49 -68 66 -108 51 34 52 111 80 -59 
 61 -117 -23 -30 94 85
