10 5  
3 8 
15 8 
11 8 
7 8 
1 8 
17 8
8 8
2 8
13 8
3 8
4 2 
1 2 
2 3 
4 1 
6 2 
9 6
6 2
16 10
4 9
19 8
17 12
4 7
10 2
2 14
5 18
10 5
16 2
1 11
3 8
5 16
3 0
13 15
17 3
8 9
17 20
13 8
200 20
4 0
18 9
14 17
11 19
15 10
7 20
8 9
11 1
17 0
0 2
15 9
20 13
19 9
1 9
18 3
1 10
18 4
13 13
11 13
0 14
18 13
2 12
4 14
14 2
0 4
1 12
6 6
13 17
9 11
13 11
2 7
12 18
12 1
12 15
19 1
14 15
6 3
6 17
15 2
1 1
18 13
14 3
17 20
2 6
14 11
20 12
11 7
11 19
7 17
11 17
8 14
18 11
10 9
8 17
14 13
4 2
16 6
18 3
4 11
9 10
0 18
19 3
16 18
17 2
5 13
10 6
15 10
12 19
12 20
6 12
17 15
20 14
19 19
19 0
14 18
15 13
2 6
20 5
9 10
4 8
19 2
16 16
5 20
5 11
13 7
19 9
4 5
1 6
2 14
3 11
10 17
13 12
2 20
2 1
7 9
0 19
3 0
8 12
13 11
15 18
10 13
7 3
12 3
13 12
7 7
0 12
1 15
9 5
11 7
20 14
18 18
14 0
0 8
1 10
20 11
15 16
9 15
12 1
15 5
5 18
2 9
12 7
13 14
0 1
6 15
1 17
8 10
18 12
4 7
14 20
3 0
12 9
19 12
7 7
7 13
18 13
3 15
2 10
4 7
17 13
5 16
4 7
20 1
9 7
15 15
7 0
15 14
1 6
11 18
1 3
0 13
15 6
14 12
1 15
5 6
7 7
7 13
14 6
8 14
11 0
11 1
17 9
12 13
20 8
13 8
7 0
18 20
4 16
20 10
6 15
4 9
1 14
5 14
19 9
1 19
6 10
11 9
9 17
18 15
18 20
11 17
13 20
7 12
12 13
9 8
8 1
20 0
7 12
9 12
8 9
11 18
9 9
2 16
16 7
2 14
12 10
6 19
11 7
0 5
9 2
0 0 
