4
4
10 20
30 40
50 60
70 80
2
1 3
2 20
3
10 10
20 8
30 5
12
398 325 391 31 126 9 281 51 41 83 291 143 234 107 262 338 
172 29 259 94 27 353 199 260
200
398 325 391 31 126 9 281 51 41 83 291 143 234 107 262 338 
172 29 259 94 27 353 199 260 362 296 23 117 178 364 282 77 
350 80 141 327 76 110 130 188 140 225 324 320 229 399 190 
108 368 88 44 78 49 55 383 150 53 287 16 202 319 246 193 
239 219 42 73 356 144 317 192 176 43 4 357 228 271 268 46 
155 290 273 118 152 300 389 370 351 136 308 196 214 332 328 
372 10 339 280 13 390 379 86 385 148 265 160 145 79 47 209 
208 182 74 56 104 341 400 191 32 263 138 37 48 33 293 326 
238 2 146 70 264 217 175 131 18 314 342 318 378 345 294 123 
299 154 301 65 270 198 120 170 115 257 305 5 247 382 84 251 
134 58 388 28 149 179 95 261 292 60 323 359 157 358 105 386 
226 183 189 210 11 377 384 236 311 112 201 187 283 392 240 
237 297 241 254 87 212 329 166 213 57 222 316 337 221 249 
322 167 340 71 397 331 135 272 72 109 376 119 266 279 250 
348 343 312 387 244 15 129 346 298 256 102 35 206 156 89 
163 174 286 252 227 133 63 366 288 124 242 195 75 98 373 
306 335 231 64 363 159 274 243 116 277 12 69 205 114 34 276 
121 168 62 164 321 369 162 253 97 158 289 177 17 315 54 207 
269 365 59 258 3 375 267 132 151 394 381 30 173 275 38 93 
22 186 200 100 19 165 122 184 230 203 223 36 139 21 235 354 
26 336 309 127 374 180 307 99 50 215 361 245 67 52 278 92 
39 232 82 137 103 194 310 61 85 45 211 216 96 185 147 255 
285 6 303 8 304 204 380 14 171 395 101 91 313 220 197 81 
367 352 295 349 20 393 347 181 90 284 24 161 68 371 106 334 
142 113 128 344 25 360 111 218 396 355 330 125 40 66 224 7 
233 1 248 333 169 302 153
